date,cvar_historical,mv_historical,cvar_mbb,mv_mbb,ew
2023-01-06,"[0.3499999999988014, 0.16382664799339924, 7.772586900970904e-14, 0.3499999999790561, 0.13617335202866535]","[0.2865134478161722, 0.34791034889360073, 1.5613311313174163e-07, 0.015583172291907392, 0.34999287486520664]","[0.34999999998659265, 0.1528744065636126, 5.915654905061012e-13, 0.3499999998968727, 0.1471255935523307]","[0.34999892345827527, 0.09649235959337031, 2.41979946265246e-07, 0.20622740883854548, 0.3472810661298627]",[0.2 0.2 0.2 0.2 0.2]
2023-01-13,"[0.34999999998889564, 0.010974902624389653, 2.6662792862531123e-12, 0.34999999992171077, 0.2890250974623378]","[0.28315589449670897, 0.11901897219879737, 1.9437352455194261e-07, 0.24782562690713536, 0.3499993120238338]","[0.34999999999917664, 0.19920489068781347, 1.1063276708765481e-13, 0.349999999997783, 0.1007951093151163]","[0.34999845424581155, 0.17417509166229628, 8.556363047504788e-07, 0.12583702056336105, 0.34998857789222654]",[0.2 0.2 0.2 0.2 0.2]
2023-01-20,"[0.3499999999954011, 0.16382664755587106, 5.474185598725066e-13, 0.34999999997132386, 0.13617335247685688]","[0.3169632792608048, 0.20514969129916444, 2.562956698116333e-07, 0.12788846079661464, 0.3499983123477493]","[0.349999999998334, 0.21185511664355622, 2.466398276146389e-13, 0.3053409236320924, 0.13280395972577072]","[0.34999887907653077, 0.29869117410361185, 1.6416991743617873e-07, 0.0013416541598258549, 0.349968128490114]",[0.2 0.2 0.2 0.2 0.2]
2023-01-27,"[0.34999999999432774, 0.16382664741362687, 3.848348047086704e-13, 0.34999999984719776, 0.13617335274446307]","[0.34999929633624444, 0.18186606614641312, 2.1433620008604688e-07, 0.11813543174524915, 0.3499989914358931]","[0.349999999992458, 0.19920489005151187, 1.462489455634896e-12, 0.3499999999530064, 0.10079511000156131]","[0.34323618373353026, 0.18633496115104958, 9.939079673019876e-08, 0.12043001595043412, 0.3499987397741892]",[0.2 0.2 0.2 0.2 0.2]
2023-02-03,"[0.34999999999274534, 0.19920489086140966, 2.9032986382949084e-12, 0.34999999905916157, 0.1007951100837803]","[0.3499999675321621, 0.2434885884282842, 1.0538748027567013e-08, 0.056511530218025935, 0.34999990328277975]","[0.34999999998333403, 0.19920489174231357, 3.881693765089432e-12, 0.34999998937717186, 0.10079511889329908]","[0.34975868099079216, 0.19728413960716554, 3.3724936888301127e-07, 0.10295802822183342, 0.3499988139308399]",[0.2 0.2 0.2 0.2 0.2]
2023-02-10,"[0.3499999999993644, 0.1638266478847004, 3.741514867960965e-14, 0.3499999999877041, 0.13617335212819376]","[0.34999933125496147, 0.1328458452456979, 5.584615353562476e-08, 0.16715515754335575, 0.3499996101098315]","[0.34999999998743625, 0.16382664767105448, 1.0346095165965186e-12, 0.349999999540438, 0.13617335280003715]","[0.34999943928243327, 0.24243059940774833, 4.8835717666536255e-08, 0.057570918090098955, 0.3499989943840019]",[0.2 0.2 0.2 0.2 0.2]
2023-02-17,"[0.3499999999998341, 0.1992048906292166, 4.2239407059750336e-14, 0.3499999999893392, 0.10079510938156783]","[0.3499999430479435, 0.11372424654865965, 1.921286570903206e-08, 0.18627608976523938, 0.3499997014252921]","[0.349999999950882, 0.19920489192771965, 6.174237697791974e-12, 0.34999999906647544, 0.10079510904874901]","[0.34999767596615694, 0.3499699551196962, 2.7294700936881437e-07, 0.019428065686224075, 0.28060403028091346]",[0.2 0.2 0.2 0.2 0.2]
2023-02-24,"[0.34999999999969417, 0.1992048906037054, 1.7938669731049695e-14, 0.3499999999991762, 0.10079510939740666]","[0.34999904837265544, 0.16579061088245256, 3.628646338039507e-08, 0.15661351334508314, 0.3275967911133456]","[0.34999999999892234, 0.17584499935066772, 1.6988923414362084e-13, 0.12415500065652184, 0.3499999999937183]","[0.3108116169520034, 0.3391057154940372, 4.548319124231242e-07, 8.412723527187337e-05, 0.3499980854867753]",[0.2 0.2 0.2 0.2 0.2]
2023-03-03,"[0.34999999999908266, 3.877197950633896e-11, 5.903698098903175e-14, 0.34999999999386583, 0.2999999999682206]","[0.30176704718973374, 0.044691727993151735, 1.1154805252904472e-08, 0.30354141877957663, 0.34999979488273264]","[0.3499999999852963, 0.16382664661843688, 1.1412929169903053e-12, 0.34999999921501507, 0.13617335418011062]","[0.3238833936004474, 0.24959904432123445, 3.632157544789258e-09, 0.07651768818413056, 0.3499998702620301]",[0.2 0.2 0.2 0.2 0.2]
2023-03-10,"[0.34999999994825987, 0.17584500678339418, 4.301969830002446e-12, 0.12415499375847296, 0.3499999995055713]","[0.34041015248712475, 0.19816895693214187, 4.8592600870214375e-08, 0.1114210737542193, 0.34999976823391327]","[0.3499999999996414, 0.16757784995597722, 5.002551915811711e-13, 0.1324221500445034, 0.3499999999993779]","[0.2697004435218173, 0.3387095237266198, 8.335892666292789e-07, 0.04158987153110333, 0.3499993276311931]",[0.2 0.2 0.2 0.2 0.2]
2023-03-17,"[0.34999999999984577, 0.17256852469174583, 2.0903037704547776e-13, 0.1274314753089668, 0.3499999999992326]","[0.30643352987829875, 0.3324841267130323, 7.511562104360591e-09, 0.011085684530318253, 0.34999665136678854]","[0.349999999999689, 0.1675778499754807, 3.1795258539017785e-13, 0.13242215002592833, 0.34999999999858405]","[0.27798945417649856, 0.3360984441784547, 1.6773738486940569e-07, 0.035917656553983976, 0.34999427735366395]",[0.2 0.2 0.2 0.2 0.2]
2023-03-24,"[0.34999999999836046, 0.17256852450435306, 9.825467792116449e-13, 0.12743147550285724, 0.34999999999344666]","[0.2614635954579703, 0.3498920368969692, 4.5391808868872114e-07, 0.03864462609435165, 0.3499992876326204]","[0.3499999999997879, 0.1758449993031969, 1.3692175180382415e-12, 0.12415500069604, 0.34999999999960585]","[0.2665545156185275, 0.34999860962206286, 4.278844274924257e-06, 0.03344425060198952, 0.3499983453131452]",[0.2 0.2 0.2 0.2 0.2]
2023-03-31,"[0.34999999999079695, 0.23803114217764618, 1.1731534999827443e-11, 0.061968857841541436, 0.349999999978284]","[0.29111957960171003, 0.3499948592869218, 7.859180892689635e-07, 0.008887180248202267, 0.3499975949450767]","[0.3499999999877643, 0.29048089075522016, 1.3703798968750588e-11, 0.009519109259329297, 0.34999999998398273]","[0.34764639611045034, 0.3023546670809103, 5.922172296973953e-08, 1.5532922763553986e-07, 0.3499987222576888]",[0.2 0.2 0.2 0.2 0.2]
2023-04-07,"[0.34999999999924014, 0.29048089336487176, 5.077944604556166e-13, 0.009519106644409924, 0.3499999999909705]","[0.3322643806834942, 0.3177319476650179, 1.0885735101360437e-06, 6.515367914786188e-06, 0.3499960677100629]","[0.34999999999954484, 0.17256852483294385, 1.9116286055381277e-12, 0.1274314751674219, 0.34999999999817777]","[0.22496560172901617, 0.3499960384625472, 8.83755908572972e-08, 0.07503830826128371, 0.3499999631715619]",[0.2 0.2 0.2 0.2 0.2]
2023-04-14,"[0.3499999999979759, 0.17256852550432325, 1.2688366141662183e-11, 0.12743147448938985, 0.34999999999562287]","[0.26444091814789383, 0.3499979446346466, 2.5905586769582257e-07, 0.0355610441487316, 0.3499998340128604]","[0.34999999999897835, 0.23803114104882475, 1.01487696417874e-12, 0.061968858951887314, 0.3499999999992949]","[0.3499996519450091, 0.347039617644265, 9.028471833786769e-08, 3.741706055032199e-06, 0.30295689841995266]",[0.2 0.2 0.2 0.2 0.2]
2023-04-21,"[0.34999999999981396, 0.17256852466604242, 5.944677407695355e-13, 0.12743147533395746, 0.3499999999995917]","[0.3467726573175063, 0.30322518363047674, 3.058761549103289e-07, 3.5033335467330383e-06, 0.3499983498423155]","[0.3499999999996714, 0.2324898425812601, 2.2894040988194217e-12, 0.06751015741749898, 0.34999999999928016]","[0.31002558312455275, 0.3399623052163618, 1.014270640027759e-06, 1.7449309125101142e-05, 0.34999364807932026]",[0.2 0.2 0.2 0.2 0.2]
2023-04-28,"[0.34999999999929843, 0.26171650756881293, 4.904111759562974e-13, 0.03828349243230254, 0.34999999999909553]","[0.3499975264142808, 0.26181208951650614, 1.6069312461647156e-06, 0.03825162236585233, 0.3499371547721146]","[0.3499999999975447, 0.261716508251664, 1.401515829520124e-12, 0.03828349175231667, 0.3499999999970734]","[0.29953538493265647, 0.349969303245991, 4.5256004521544836e-07, 0.0004958044286546007, 0.34999905483265253]",[0.2 0.2 0.2 0.2 0.2]
2023-05-05,"[0.3499999999992876, 0.17256852524243582, 7.39406340415823e-12, 0.12743147475259128, 0.3499999999982913]","[0.34999997920055664, 0.32631806025395327, 6.412229391325373e-08, 0.0592970194442223, 0.26438487697897395]","[0.34999999998614273, 0.29048089338604527, 4.211727651833109e-12, 0.009519106630711283, 0.34999999999288917]","[0.34618407540796986, 0.30381942873718826, 5.615191163435964e-07, 4.010659702764636e-06, 0.3499919236760227]",[0.2 0.2 0.2 0.2 0.2]
2023-05-12,"[0.3499999999994097, 0.29048089334899163, 1.7237775316971807e-13, 0.009519106652613064, 0.3499999999988132]","[0.34999998271116467, 0.29048378927047347, 5.264485834670764e-07, 0.009517948362341105, 0.34999775320743737]","[0.34999999999396075, 0.2999999999566364, 2.0458733633538483e-12, 4.8851391019134956e-11, 0.34999999999850584]","[0.3499999678068201, 0.3000002692962609, 4.8967671850654235e-08, 4.543045653270775e-08, 0.34999966849879044]",[0.2 0.2 0.2 0.2 0.2]
2023-05-19,"[0.34999999941706356, 0.3000000005721548, 4.1406709696702905e-12, 8.458996932590616e-12, 0.349999999998182]","[0.3499998756504664, 0.3000001138082411, 1.842360423428597e-08, 2.6832554115403865e-07, 0.3499997237921473]","[0.34999999999937476, 0.29048089318043735, 4.488364602000794e-13, 0.009519106821176005, 0.34999999999856307]","[0.34992156632913035, 0.30022367329209365, 1.7474913877282143e-06, 3.6203850315466155e-06, 0.34984939250235697]",[0.2 0.2 0.2 0.2 0.2]
2023-05-26,"[0.3499999999991351, 0.23803114107232606, 7.374139893558121e-13, 0.061968858929171984, 0.34999999999862963]","[0.3406283184030183, 0.3093712442512015, 5.32248529160211e-07, 1.547582797602729e-07, 0.3499997503389714]","[0.34999999999978465, 0.1725685247334581, 3.2051951492820534e-12, 0.12743147526460452, 0.34999999999894765]","[0.34999993260104073, 0.30977033033940554, 7.070024302846904e-08, 1.6784314124211813e-07, 0.3402294985161693]",[0.2 0.2 0.2 0.2 0.2]
2023-06-02,"[0.3499999999312682, 0.2904808928615259, 1.8152277745537175e-11, 0.009519107294348718, 0.3499999998947054]","[0.3452579875510464, 0.30474196009820614, 6.059398647973731e-08, 7.234296105337973e-08, 0.3499999194138001]","[0.3499999999936946, 0.2904808876339365, 9.15457275443571e-12, 0.009519112394008874, 0.3499999999692055]","[0.33585279906963655, 0.31414733084605606, 1.3139503604476383e-07, 7.982144030603634e-07, 0.34999894047486824]",[0.2 0.2 0.2 0.2 0.2]
2023-06-09,"[0.34999999999921333, 0.23803114053344912, 5.279959698111882e-13, 0.06196885946886539, 0.3499999999979441]","[0.2887156924186062, 0.3499984965626813, 2.1332094779894265e-07, 0.011285757747791631, 0.349999839949973]","[0.34999999999930015, 0.17256852522161523, 3.898374731718669e-12, 0.12743147477763273, 0.34999999999755355]","[0.30120240744653076, 0.34879790244827696, 4.9278323672615066e-08, 4.546793575043456e-07, 0.3499991861475112]",[0.2 0.2 0.2 0.2 0.2]
2023-06-16,"[0.3499999999722685, 0.2617165178010866, 7.518401461939617e-12, 0.03828348223535363, 0.34999999998377274]","[0.3284899593343178, 0.32151038899350287, 3.071529283093563e-08, 2.026338594507688e-08, 0.34999960069350067]","[0.34999999999814846, 0.2904808933340366, 7.030618295928437e-13, 0.00951910666921484, 0.3499999999978972]","[0.34773142472557544, 0.3023521485387606, 3.104045599838622e-06, 4.080576103791891e-06, 0.34990924211396046]",[0.2 0.2 0.2 0.2 0.2]
2023-06-23,"[0.349999999954971, 0.23803114241140683, 1.2341340709772311e-11, 0.06196885763640131, 0.3499999999848796]","[0.3252013215013055, 0.3247989236456564, 1.1042135735384151e-07, 1.325378261047773e-07, 0.3499995118938547]","[0.34999999999847686, 0.29048089297887475, 8.064590312501112e-13, 0.009519107024122378, 0.34999999999771964]","[0.3499999257620907, 0.3032425230846142, 2.429665217059948e-08, 7.586477574057017e-08, 0.3467574509918673]",[0.2 0.2 0.2 0.2 0.2]
2023-06-30,"[0.3499999998447769, 0.29999999949991585, 2.1359360069816674e-11, 6.329682825558866e-10, 0.35000000000097986]","[0.34999781743130337, 0.30000955922812356, 4.5058896613866884e-07, 6.910996162459603e-07, 0.3499914816519907]","[0.3499999999997767, 0.17256852470411296, 2.482488148063664e-12, 0.12743147529443336, 0.3499999999991946]","[0.3052369475406669, 0.34476266193951544, 9.479678938906192e-07, 1.5231151921659214e-06, 0.3499979194367317]",[0.2 0.2 0.2 0.2 0.2]
2023-07-07,"[0.3499999999965182, 0.2904808929408916, 1.2168069856322482e-12, 0.009519107072512138, 0.3499999999888613]","[0.341426285689058, 0.30857490468967513, 2.1431224583393337e-08, 1.4298592371038447e-08, 0.3499987738914501]","[0.34999999999855014, 0.23248984200047812, 5.22181854441696e-12, 0.0675101579992248, 0.3499999999965252]","[0.31869982620829973, 0.3313001903005181, 1.2520473508282024e-07, 2.0564432445249545e-07, 0.3499996526421227]",[0.2 0.2 0.2 0.2 0.2]
2023-07-14,"[0.34999999999944553, 0.23803114069443723, 7.055484301878112e-13, 0.06196885930691951, 0.3499999999984922]","[0.2983521642188056, 0.34999910727716255, 7.182804351673139e-07, 0.0016483025038435818, 0.3499997077197531]","[0.3499999999930753, 0.23803111948260497, 5.854924368249499e-11, 0.06196888048054195, 0.3499999999852286]","[0.31744534069707037, 0.3325546568933498, 7.678891110615607e-08, 2.1593100619084658e-07, 0.3499997096896624]",[0.2 0.2 0.2 0.2 0.2]
2023-07-21,"[0.3499999999991165, 0.1758450019078812, 3.399696301399538e-11, 0.12415499805989978, 0.3499999999991055]","[0.2966315395444194, 0.34999980653768725, 2.737504758897086e-07, 0.0033685315457015804, 0.3499998486217161]","[0.3499999999993793, 0.16757785016631138, 2.352164746831283e-13, 0.13242214983505673, 0.34999999999901743]","[0.24461006573279082, 0.349993980040165, 2.096367391880003e-06, 0.05539434580725313, 0.3499995120523993]",[0.2 0.2 0.2 0.2 0.2]
2023-07-28,"[0.3499999999861134, 0.2999999999218102, 2.527712024684348e-12, 9.224095807441038e-11, 0.3499999999973077]","[0.34999904689525135, 0.30000361164462164, 1.6336452089036036e-07, 2.067537056496634e-07, 0.34999697134190044]","[0.3499999999997937, 0.2380311401562084, 2.8698291202439886e-12, 0.06196885984186831, 0.34999999999925985]","[0.31411019876931523, 0.335889800562781, 6.411869134185166e-08, 1.0010755575092418e-07, 0.34999983644165666]",[0.2 0.2 0.2 0.2 0.2]
2023-08-04,"[0.34999999998922215, 0.2617165092997525, 8.751577430046702e-12, 0.03828349071024171, 0.3499999999920321]","[0.28895631306469116, 0.3499982464920639, 2.047727560672007e-06, 0.011043704367173625, 0.34999968834851075]","[0.34999999999880743, 0.23803114057391675, 5.833254191532036e-13, 0.06196885942839733, 0.34999999999829534]","[0.32022605792798153, 0.32977406733848114, 5.9479482313111394e-08, 6.746670268627516e-08, 0.3499997477873524]",[0.2 0.2 0.2 0.2 0.2]
2023-08-11,"[0.3499999999916318, 0.23803114131526404, 2.2977291509454837e-11, 0.06196885868080426, 0.3499999999893226]","[0.3468170538963513, 0.30318328615507084, 2.25117951057555e-06, 2.1455480001575846e-06, 0.3499952632210673]","[0.3499999999983272, 0.17256852462940278, 1.3283147094004344e-12, 0.1274314753720247, 0.349999999998917]","[0.297513332471711, 0.34999893652154196, 1.9831383258905744e-06, 0.002486238658419038, 0.34999950921000206]",[0.2 0.2 0.2 0.2 0.2]
2023-08-18,"[0.3499999999949241, 0.290480893302428, 9.860550662949561e-13, 0.009519106706612055, 0.34999999999504977]","[0.3499999094616274, 0.31097216126349475, 8.829622505151398e-08, 1.2554462837044142e-07, 0.3390277154340244]","[0.34999999997567577, 0.17584500021916397, 3.381324609712461e-11, 0.1241549998042476, 0.34999999996709963]","[0.28459560939047995, 0.34999943813418205, 9.109507740235056e-06, 0.01539633383330791, 0.34999950913429007]",[0.2 0.2 0.2 0.2 0.2]
2023-08-25,"[0.3499999999975275, 0.2904808935291017, 9.523523278336413e-13, 0.009519106476664412, 0.3499999999957541]","[0.34880955516120304, 0.3011906176668657, 6.015525776303985e-07, 7.684582675342968e-07, 0.349998457161086]","[0.3499999999474338, 0.1725685251193906, 6.364181794361564e-12, 0.1274314749420052, 0.3499999999848063]","[0.2767223978964337, 0.3499999791147232, 1.0169057474035829e-07, 0.023277539654535478, 0.349999981643733]",[0.2 0.2 0.2 0.2 0.2]
2023-09-01,"[0.3499999999953537, 0.1758449990059423, 3.50004941499103e-11, 0.12415500096669681, 0.34999999999700676]","[0.3499989261295961, 0.3407683896042247, 3.4277676115838704e-06, 3.2529295577365006e-05, 0.30919672720299046]","[0.3499999999917379, 0.29048089213924566, 3.3214990261228817e-12, 0.009519107882278291, 0.34999999998341663]","[0.34608998619712095, 0.3039102846252087, 1.3370051205895767e-07, 1.4639634200150682e-07, 0.34999944908081626]",[0.2 0.2 0.2 0.2 0.2]
2023-09-08,"[0.3499999999985845, 0.17256852462885303, 9.147554320768097e-13, 0.12743147537399468, 0.349999999997653]","[0.291907713732065, 0.3499991175351509, 6.785229764485735e-07, 0.008092705018606414, 0.34999978519120123]","[0.3499999999994909, 0.1758449985903192, 1.2947585521543541e-11, 0.12415500139786717, 0.3499999999993751]","[0.28931821047535344, 0.34999882502596197, 9.42971931571823e-06, 0.010674377436533003, 0.349999157342836]",[0.2 0.2 0.2 0.2 0.2]
2023-09-15,"[0.3499999999994746, 0.23803114061419783, 3.196525778036538e-13, 0.061968859386565114, 0.34999999999944265]","[0.29992956592719444, 0.3499978102660564, 2.422723744481125e-06, 7.117091246926139e-05, 0.3499990301705353]","[0.3499999999862292, 0.1725685263554845, 1.8538702156270927e-11, 0.12743147365863722, 0.3499999999811105]","[0.29786228662192993, 0.3499996586671304, 1.0725416471458122e-06, 0.0021372501044895414, 0.349999732064803]",[0.2 0.2 0.2 0.2 0.2]
2023-09-22,"[0.34999999999092624, 0.1675778561466521, 1.6125524186175354e-11, 0.13242214385922932, 0.3499999999870669]","[0.3122807067601096, 0.33771916858546047, 4.508239927587299e-07, 7.415588290002054e-07, 0.34999893227160817]","[0.3499999999776806, 0.17584499802813125, 6.734859460230879e-11, 0.1241550019323079, 0.3499999999945317]","[0.3364932526802477, 0.3135067589065422, 2.7485295338911047e-08, 4.125474108263642e-08, 0.3499999196731736]",[0.2 0.2 0.2 0.2 0.2]
2023-09-29,"[0.3499999999858089, 0.1725685253984045, 8.719730626255465e-12, 0.12743147462143692, 0.3499999999856302]","[0.25510669054452606, 0.3499972048740322, 3.273576516212997e-06, 0.04489373959234315, 0.3499990914125823]","[0.3499999999962707, 0.2617165138047733, 2.168643782801789e-12, 0.038283486202213106, 0.34999999999457415]","[0.3369398369554893, 0.31306015810273075, 1.8906867033734026e-08, 4.416559073364813e-08, 0.34999994186932204]",[0.2 0.2 0.2 0.2 0.2]
2023-10-06,"[0.34999999996952574, 0.29048088901114466, 1.4360148034584823e-11, 0.009519111024304895, 0.3499999999806649]","[0.3478310655048478, 0.30217102511595306, 8.747646147086167e-07, 1.0848271164176955e-06, 0.34999594978746806]","[0.34999999998287085, 0.29999999966764973, 1.6196240243109093e-11, 3.7509698366176543e-10, 0.3499999999581865]","[0.34999835500388676, 0.30000521141993153, 8.355923446126354e-07, 7.907324371761492e-07, 0.3499948072514001]",[0.2 0.2 0.2 0.2 0.2]
2023-10-13,"[0.34999999999955833, 0.290480893307196, 1.4635568859011495e-13, 0.009519106693800829, 0.34999999999929865]","[0.3437841431338991, 0.306216658886351, 2.8920392872530344e-07, 5.68246338886882e-07, 0.3499983405294822]","[0.34999999997134473, 0.17256852528929148, 1.430189587590678e-11, 0.12743147474527783, 0.34999999997978437]","[0.28714616561925327, 0.34999806304467623, 2.1061218439758567e-06, 0.012853845085330901, 0.34999982012889574]",[0.2 0.2 0.2 0.2 0.2]
2023-10-20,"[0.3499999999996568, 0.26171651182066996, 2.6723922154394164e-13, 0.038283488179984025, 0.34999999999942183]","[0.3335254793028507, 0.31647456193649787, 2.1122755490332677e-07, 1.4280411040372824e-07, 0.3499996047289864]","[0.34999999999804776, 0.23803114105040918, 1.0507253392167403e-12, 0.06196885895494922, 0.34999999999554304]","[0.34999975565445524, 0.3499895305264084, 0.0010827068931052318, 1.5055681494515236e-06, 0.2989265013578817]",[0.2 0.2 0.2 0.2 0.2]
2023-10-27,"[0.34999999999914816, 0.23803113914528234, 6.829291169072873e-12, 0.06196886085097278, 0.34999999999776754]","[0.30308595378288367, 0.3469131015677876, 4.893699194979464e-07, 1.0470237130336112e-06, 0.34999940825569653]","[0.34999999999951514, 0.2904808932643508, 2.7929056224465826e-13, 0.009519106737354682, 0.34999999999850023]","[0.34322721140912205, 0.3067733198996857, 1.2109657107123673e-06, 1.6591468786753293e-06, 0.34999659857860277]",[0.2 0.2 0.2 0.2 0.2]
2023-11-03,"[0.34999999999763215, 0.11118550917685642, 7.403764189414595e-13, 0.18881449082557245, 0.3499999999991985]","[0.2243328891648636, 0.34999890574238923, 3.3347102722707363e-06, 0.07566494045354619, 0.34999992992892875]","[0.34999999999408576, 0.167577850411597, 1.7829186439659887e-12, 0.1324221495958936, 0.34999999999664083]","[0.24846596730220122, 0.34999918163595856, 3.495405009180322e-07, 0.05153455585409463, 0.3499999456672448]",[0.2 0.2 0.2 0.2 0.2]
2023-11-10,"[0.349999999997922, 0.2617165082558497, 8.469542078615836e-13, 0.0382834917467385, 0.34999999999864306]","[0.31790610670021713, 0.33209748256037636, 1.4756617742901305e-06, 7.769662126603023e-07, 0.34999415811141954]","[0.34999999999011466, 0.16757784973244816, 5.805067319447868e-12, 0.1324221502754473, 0.349999999996185]","[0.26523012276659613, 0.34999941886138186, 0.003910865915419097, 0.03086028101873942, 0.3499993114378635]",[0.2 0.2 0.2 0.2 0.2]
2023-11-17,"[0.349999999967076, 0.2999999911201384, 7.489115882973067e-12, 8.928103278193587e-09, 0.3499999999771934]","[0.3499902227724552, 0.3000263909186594, 2.1889051624740282e-06, 1.6624900144228496e-06, 0.3499795349137087]","[0.3499999999935126, 0.2904808931758529, 1.9480741007340276e-12, 0.009519106832890735, 0.34999999999579573]","[0.345965838361962, 0.3040329626739869, 1.3447291493994463e-06, 1.1362333851749114e-06, 0.3499987180015166]",[0.2 0.2 0.2 0.2 0.2]
2023-11-24,"[0.3499999999994144, 0.261716508377938, 9.578365473312184e-13, 0.03828349162245856, 0.3499999999992313]","[0.3218635714489518, 0.3281363043087007, 1.914794435817692e-07, 2.564028699153392e-07, 0.34999967636003404]","[0.34999999999938436, 0.15916815098071704, 2.67958930055553e-13, 0.14083184902022433, 0.34999999999940656]","[0.24953040753912226, 0.3499988109877691, 1.0486973111584937e-06, 0.05047010023621622, 0.3499996325395813]",[0.2 0.2 0.2 0.2 0.2]
2023-12-01,"[0.3499999999311098, 0.29048089375352115, 8.352947378829874e-12, 0.009519106316489553, 0.3499999999905268]","[0.3437050071718619, 0.30629485747694124, 3.572062548904679e-07, 5.223848227070119e-07, 0.3499992557601193]","[0.3499999999959686, 0.2617165082272694, 2.245004337618661e-12, 0.038283491775499924, 0.3499999999990172]","[0.32464031425799744, 0.3253596635955352, 2.6551408705334127e-07, 1.5194488772153148e-07, 0.34999960468749286]",[0.2 0.2 0.2 0.2 0.2]
2023-12-08,"[0.3499999999873915, 0.29048089337774197, 2.7370380350565807e-12, 0.009519106635939049, 0.34999999999619075]","[0.3462943096232555, 0.30370491954453177, 1.1199828716319015e-06, 1.0638984103970213e-06, 0.34999858695093067]","[0.349999999999361, 0.2904808932463255, 4.534853694626469e-13, 0.009519106754348179, 0.3499999999995119]","[0.34349011422213377, 0.3065091524163421, 4.042072811065575e-07, 1.601372963329288e-06, 0.3499987277812798]",[0.2 0.2 0.2 0.2 0.2]
2023-12-15,"[0.3499999999944334, 0.1675778498746679, 4.0243546083344595e-12, 0.1324221501310162, 0.34999999999585835]","[0.26740870977479764, 0.3499996988035912, 2.375716282743501e-07, 0.03259142507188815, 0.34999992877809494]","[0.34999999998270864, 0.26171651016121183, 1.3682235592915971e-11, 0.03828348985260867, 0.3499999999897887]","[0.3195977364475004, 0.3304033423736643, 1.91486373324929e-06, 7.465169133166187e-07, 0.3499962597981889]",[0.2 0.2 0.2 0.2 0.2]
2023-12-22,"[0.3499999999984277, 0.30000000000727917, 4.278286570265422e-13, 5.233295824773046e-13, 0.34999999999334214]","[0.34999787384072717, 0.3000050433351612, 2.7001038301488325e-07, 1.9918280222220886e-07, 0.3499966136309265]","[0.3499999999967133, 0.3000000000050008, 4.000160189503063e-13, 2.2469471198354964e-12, 0.34999999999563886]","[0.34999935652163633, 0.30000029402561673, 6.623354957528532e-07, 8.292884138998991e-07, 0.3499988578288372]",[0.2 0.2 0.2 0.2 0.2]
2023-12-29,"[0.34999999998954706, 0.3000000000961897, 3.2620632688638385e-13, 1.6869895596382293e-11, 0.3499999998970673]","[0.3499980893202611, 0.30000775432737925, 2.1100166961487786e-07, 3.125376731329464e-07, 0.3499936328130171]","[0.34999999999972853, 0.2999999999993198, 2.5887116536769014e-13, 1.1798791069153835e-12, 0.34999999999951314]","[0.34999953257232286, 0.30000054360242845, 5.003012116112752e-07, 2.0328271619563995e-07, 0.349999220241321]",[0.2 0.2 0.2 0.2 0.2]
2024-01-05,"[0.34999999989817776, 0.2999999997713812, 1.5419126083336007e-11, 3.329441523710855e-10, 0.34999999998207776]","[0.3499998469398106, 0.30000033642428153, 2.8633796181168768e-08, 2.0953075115615233e-08, 0.34999976704903657]","[0.3499999998448743, 0.3000000002327666, 1.3225699815606682e-11, 1.92607651777678e-11, 0.34999999988987285]","[0.34999909881887425, 0.30000181942366533, 6.551746919302506e-08, 1.1282167166163227e-07, 0.3499989034183196]",[0.2 0.2 0.2 0.2 0.2]
2024-01-12,"[0.3499999999951371, 0.30000000000619664, 5.928622594658433e-13, 1.3813576365377486e-12, 0.3499999999966921]","[0.34999646366189546, 0.3000079274337816, 6.775592339030788e-07, 4.059302850766239e-07, 0.34999452541480397]","[0.3499999999976252, 0.299999999997478, 2.1985613969672155e-13, 5.482682444175244e-12, 0.34999999999919423]","[0.3499998712779791, 0.30000000908639296, 1.530181681809709e-07, 5.087908429060963e-08, 0.3499999157383752]",[0.2 0.2 0.2 0.2 0.2]
2024-01-19,"[0.34999999999650033, 0.11118550908973275, 4.071459668735212e-12, 0.18881449091273228, 0.34999999999696335]","[0.24338357733192903, 0.34999957778702384, 7.563405683051564e-08, 0.05661680690886568, 0.3499999623381247]","[0.34999999998659825, 0.3000000000366633, 1.4850440145342187e-12, -4.20587240045989e-13, 0.34999999997567405]","[0.34999807807342787, 0.30000396647531835, 1.0882824460526042e-06, 5.493232806120609e-07, 0.34999631784552726]",[0.2 0.2 0.2 0.2 0.2]
2024-01-26,"[0.34999999999942155, 0.2999999999954698, 1.0217101241943631e-13, 6.820901009258431e-12, 0.3499999999981859]","[0.34998402332811146, 0.30004221772895634, 6.114658922741075e-07, 9.15995090608986e-07, 0.34997223148194934]","[0.349999999998582, 0.29999999989322507, 1.2813340555530303e-12, 1.0969970818181159e-10, 0.3499999999972117]","[0.349999604158943, 0.29999972586240375, 7.848182360893498e-07, 1.6577558103481062e-07, 0.3499997193848363]",[0.2 0.2 0.2 0.2 0.2]
2024-02-02,"[0.34999999999572273, 0.3000000000012864, 5.575320186397339e-13, 4.337116917278621e-12, 0.3499999999980962]","[0.3499974896147949, 0.29999799495714363, 4.209603175472676e-06, 1.1555900621549293e-06, 0.3499991502348241]","[0.34999999999824255, 0.30000000000484717, 8.174287840722568e-13, 2.3890679792043225e-12, 0.3499999999937038]","[0.3499993126213006, 0.30000005470405977, 5.100148258213201e-07, 1.1633722289963028e-06, 0.3499989592875848]",[0.2 0.2 0.2 0.2 0.2]
2024-02-09,"[0.3499999999792974, 0.3000000000068729, 1.0554195428760167e-11, 2.115285401020307e-11, 0.349999999982123]","[0.34999922156706825, 0.3000008540284959, 7.88312735788116e-07, 2.631319980454456e-07, 0.3499988729597021]","[0.3499999999902061, 0.30000000000230553, 2.2891506939996405e-12, 1.3582044150969834e-11, 0.34999999999161746]","[0.3499997601466544, 0.29999979084778017, 5.299062840564504e-07, 8.100307438035762e-08, 0.34999983809620716]",[0.2 0.2 0.2 0.2 0.2]
2024-02-16,"[0.3499999998875435, 0.30000000017044337, 2.4862225360846404e-12, 4.702386811751717e-12, 0.34999999993482456]","[0.3499993959151587, 0.3000002371219141, 7.459977602447048e-07, 2.0392495307162909e-07, 0.349999417040214]","[0.34999999998290676, 0.30000000007148503, 1.2592906729014088e-11, 3.9987591072625916e-11, 0.34999999989302794]","[0.34999945818577116, 0.30000026768267607, 7.794171458335447e-07, 2.692135029037588e-07, 0.34999922550090407]",[0.2 0.2 0.2 0.2 0.2]
2024-02-23,"[0.34999999997846365, 0.30000000007255145, 1.0099295271701676e-11, 4.064763094678968e-11, 0.34999999989823816]","[0.34999962710355353, 0.3000005124009541, 5.719251855460262e-07, 2.3022697759470512e-07, 0.34999905834332934]","[0.3499999999979862, 0.2999999999793428, 3.060191175063278e-12, 2.4617492073889496e-11, 0.3499999999949936]","[0.3499997311443808, 0.2999994255165066, 8.77334169814258e-07, 1.7159780130102346e-07, 0.3499997944071416]",[0.2 0.2 0.2 0.2 0.2]
2024-03-01,"[0.3499999999948488, 0.3000000000274027, 4.731374115042085e-12, 2.3249681774043012e-11, 0.3499999999497678]","[0.3499990523598273, 0.29999828531820527, 1.4178877731830633e-06, 2.413054802242337e-06, 0.34999883137939203]","[0.3499999999984847, 0.3000000000041578, 1.432130136432698e-12, 1.2884812230612553e-12, 0.349999999994637]","[0.3499995205686021, 0.29999984463473506, 8.121347836610103e-07, 2.064733324741826e-07, 0.34999961618854697]",[0.2 0.2 0.2 0.2 0.2]
2024-03-08,"[0.34999999999936404, 0.30000000000209753, 5.611046476226603e-13, 3.3907075189777568e-12, 0.3499999999945866]","[0.34999973581710964, 0.2999999248056064, 3.602700373123333e-07, 9.869863178441733e-08, 0.34999988040861507]","[0.34999999999953146, 0.3499999999438285, 2.736090040146528e-13, 1.8936906808962106e-12, 0.3000000000544727]","[0.349996582187104, 0.34987985525023174, 5.283205040804243e-05, 3.2838935353996708e-06, 0.3000674466187208]",[0.2 0.2 0.2 0.2 0.2]
2024-03-15,"[0.3499999999994881, 0.1106383840258908, 5.717420188441496e-13, 0.18936161597440732, 0.34999999999964204]","[0.22091430758583633, 0.34988098312883653, 5.804970365425868e-07, 0.0792044841537185, 0.3499996446345721]","[0.3499999999964531, 0.06202236356330099, 1.6465134791694142e-12, 0.2379776364431249, 0.3499999999954744]","[0.21178116554593734, 0.34999972928030726, 6.820724691803742e-09, 0.08821911696967207, 0.34999998138335875]",[0.2 0.2 0.2 0.2 0.2]
2024-03-22,"[0.34999999997483455, 0.13472476978590414, 1.0235146373281605e-11, 0.16527523025309251, 0.34999999997593373]","[0.23867851143985322, 0.3499909221684975, 2.770694507037619e-07, 0.06133054217576716, 0.34999974714643556]","[0.34999999995507486, 0.30000000013695177, 6.732370276383433e-12, 3.708571825827919e-11, 0.34999999986415553]","[0.34999875875089803, 0.29999798927927346, 2.14594621041536e-06, 2.249887459445873e-06, 0.34999885613615894]",[0.2 0.2 0.2 0.2 0.2]
2024-03-29,"[0.349999999999096, 0.06202236356846898, 7.677821379680939e-13, 0.23797763643317307, 0.3499999999984943]","[0.2042379229348548, 0.3499614301949884, 6.440003895347884e-08, 0.09580108142382597, 0.3499995010462919]","[0.3499999999857442, 0.11328909936707883, 1.0940713965303607e-11, 0.18671090067054136, 0.34999999996569514]","[0.25313226851240694, 0.3499990270949385, 2.286101933754099e-08, 0.046868700435820226, 0.349999981095815]",[0.2 0.2 0.2 0.2 0.2]
2024-04-05,"[0.34999999999889175, 0.1675778548973568, 6.907665293084356e-13, 0.13242214510695896, 0.34999999999610176]","[0.2606571517926059, 0.34999024753785574, 3.8310978201688083e-07, 0.03935256085167372, 0.3499996567080826]","[0.3499999999969141, 0.2999999999537313, 1.1398085220294574e-12, 5.6186290963529607e-11, 0.34999999999202847]","[0.34999366227722845, 0.2999921696950047, 9.048488817784256e-06, 6.723937009147563e-06, 0.34999839560194007]",[0.2 0.2 0.2 0.2 0.2]
2024-04-12,"[0.3499999999995166, 0.3000000000030625, 2.775143164952094e-13, 1.1930138609001218e-12, 0.34999999999595055]","[0.34999991181997014, 0.2999999304431017, 1.2947721423006852e-07, 5.287465886115479e-08, 0.3499999753850553]","[0.34999999999119635, 0.29999999996856497, 4.862376039914887e-12, 7.265814785396275e-11, 0.3499999999627184]","[0.3499998769190277, 0.2999998372408348, 2.4040452406211087e-07, 5.922126039184936e-08, 0.3499999862143532]",[0.2 0.2 0.2 0.2 0.2]
2024-04-19,"[0.3499999999749412, 0.11328908225339201, 4.2369795449655183e-11, 0.18671091776418852, 0.3499999999651086]","[0.2253264216284029, 0.3499705290483387, 8.905405206053116e-08, 0.07470328780649521, 0.3499996724627111]","[0.3499999999957104, 0.29999999999110427, 1.4753865383292918e-12, 1.5961287665078482e-11, 0.3499999999957487]","[0.3499996425143212, 0.2999997944583821, 6.56927782542772e-07, 1.5743824949619618e-07, 0.34999974866126465]",[0.2 0.2 0.2 0.2 0.2]
2024-04-26,"[0.3499999999214948, 0.3000000001142526, 7.400123077035841e-12, 2.386438382438244e-11, 0.34999999993298825]","[0.34999824289111797, 0.30000455843009594, 3.972400773318188e-07, 2.634984840384973e-07, 0.3499965379402247]","[0.34999999999965226, 0.3000000000989155, 1.823177164621885e-13, 6.31856595351642e-13, 0.3499999999006185]","[0.34999856517017014, 0.30000062236573244, 1.0872824699007037e-06, 5.40785714478958e-07, 0.3499991843959132]",[0.2 0.2 0.2 0.2 0.2]
2024-05-03,"[0.34999999999945636, 0.34999999966101153, 3.818853953173024e-13, 1.2975777328929236e-12, 0.3000000003378526]","[0.3499993830804359, 0.31498942626886295, 0.010496778811072513, 2.3189345231060734e-06, 0.3245120929051057]","[0.34999999999981407, 0.30000000000043126, 1.2664589615339177e-13, 7.8158340611921e-13, 0.3499999999988465]","[0.34999964015130086, 0.30000080077941527, 1.7739239235050445e-07, 1.316504752069992e-07, 0.34999925002641646]",[0.2 0.2 0.2 0.2 0.2]
2024-05-10,"[0.3499999999974323, 0.13472477053803203, 2.245512683114655e-12, 0.16527522946683956, 0.3499999999954507]","[0.21968890170977265, 0.3499922807211996, 6.164689193743844e-08, 0.0803189478541712, 0.34999980806796466]","[0.34999999999002945, 0.29999999997832205, 1.4669836733713066e-12, 3.782460217879243e-11, 0.34999999999235687]","[0.34999965043599024, 0.2999997762772419, 6.547839510338308e-07, 1.2472004161114635e-07, 0.3499997937827755]",[0.2 0.2 0.2 0.2 0.2]
2024-05-17,"[0.349999999997553, 0.30000000000917343, 1.9891310190089748e-13, 1.9621317860192313e-12, 0.34999999999111275]","[0.3499954630247763, 0.29999648669876766, 7.2212985792971805e-06, 1.726940188671895e-06, 0.3499991020376881]","[0.34999999999754533, 0.30000000006701616, 2.425485770177341e-12, 1.8069444202455422e-11, 0.34999999991494357]","[0.34999773266067163, 0.30000211092539764, 1.7567437406958027e-06, 1.0360836576609436e-06, 0.34999736358653255]",[0.2 0.2 0.2 0.2 0.2]
2024-05-24,"[0.3499999999890841, 0.30000000001164534, 2.118940949120521e-12, 1.6873521886154857e-11, 0.3499999999802781]","[0.34999848105598086, 0.3000025317962956, 6.800235298712591e-07, 2.2984097385725762e-07, 0.34999807728321997]","[0.34999999999776926, 0.3000000000084973, 1.9020477936832076e-13, 2.5659538515114054e-12, 0.3499999999909774]","[0.34999933239077247, 0.3000000884164022, 9.297484996689545e-07, 2.269476658144343e-07, 0.34999942249665994]",[0.2 0.2 0.2 0.2 0.2]
2024-05-31,"[0.3499999999963951, 0.15916815078180976, 2.2726444373783726e-12, 0.1408318492252245, 0.3499999999942982]","[0.2626335109384777, 0.34999916807441656, 2.433468727378347e-07, 0.03736720602796448, 0.3499998716122685]","[0.3499999999994341, 0.299999999350984, 7.785556414642084e-13, 6.500088667637417e-10, 0.3499999999987948]","[0.3499996699515676, 0.3000003898348433, 1.6126617972600075e-07, 8.64697152030291e-08, 0.3499996924776944]",[0.2 0.2 0.2 0.2 0.2]
2024-06-07,"[0.3499999999991651, 0.06202236346917111, 1.7343996596370297e-13, 0.23797763653202153, 0.34999999999946885]","[0.19529184660622784, 0.3499996794834355, 1.4326480720135224e-08, 0.10470848351431315, 0.3499999760695427]","[0.34999999999724957, 0.16757785104614378, 3.3314178308673564e-12, 0.132422148976076, 0.34999999997719927]","[0.24232382267336638, 0.3499594898187123, 1.675883502209243e-06, 0.05771610796643903, 0.34999890365798003]",[0.2 0.2 0.2 0.2 0.2]
2024-06-14,"[0.3499999999951399, 0.06202236360098631, 3.1475921228400347e-12, 0.23797763640642536, 0.34999999999430087]","[0.1897503313759063, 0.3499994393402264, 6.106333134524701e-09, 0.11025024173766196, 0.34999998143987227]","[0.3499999999985766, 0.16757785004723388, 1.9820871864250506e-12, 0.13242214995784513, 0.34999999999436243]","[0.28426028751416876, 0.34999934583072984, 1.4235833823136096e-06, 0.015739324737579892, 0.34999961833413923]",[0.2 0.2 0.2 0.2 0.2]
2024-06-21,"[0.3499999999898222, 0.29999999998560395, 1.5300595249547421e-12, 2.765760049315091e-11, 0.3499999999953863]","[0.34999987361177404, 0.30000001781697877, 1.280381697092281e-07, 3.343363935788343e-08, 0.3499999470994383]","[0.3499999999964754, 0.1154719676003873, 4.58802963304247e-12, 0.1845280324061245, 0.3499999999924249]","[0.25836313150953105, 0.3499999719539877, 2.1900578480820132e-08, 0.041636879299368774, 0.3499999953365341]",[0.2 0.2 0.2 0.2 0.2]
2024-06-28,"[0.3499999999507247, 0.3000000000875309, 1.659038845027942e-11, 5.432117108642123e-11, 0.34999999989083325]","[0.3499998828607791, 0.30000010496142365, 7.936914034578915e-08, 3.308575984933213e-08, 0.349999899722897]","[0.34999999999740017, 0.11328908958321109, 2.317967668801315e-12, 0.18671091042254154, 0.3499999999945293]","[0.23328502096737927, 0.3499997976498991, 4.4129551438869354e-08, 0.0667151592102461, 0.3499999780429241]",[0.2 0.2 0.2 0.2 0.2]
2024-07-05,"[0.349999999995559, 0.2999999999926032, 3.394484251750135e-12, 1.7868017811533494e-11, 0.34999999999057546]","[0.3499982161005698, 0.3000028396134665, 5.053202884764213e-07, 2.8648390055615645e-07, 0.34999815248177474]","[0.3499999999951259, 0.2999999999756564, 4.3770226874827994e-13, 2.998986415557501e-11, 0.3499999999987902]","[0.349999772058726, 0.29999984357770854, 4.3321868724417563e-07, 5.153391588447853e-08, 0.34999989961096223]",[0.2 0.2 0.2 0.2 0.2]
2024-07-12,"[0.34999999999316106, 0.1591681504605651, 1.7689436962715854e-12, 0.1408318495519059, 0.34999999999259906]","[0.24835491240140395, 0.34999963144032203, 3.1111236754698384e-08, 0.05164544388335257, 0.3499999811636848]","[0.3499999999919466, 0.1347247701409549, 2.9243775501476807e-12, 0.16527522987118148, 0.3499999999929927]","[0.22664466994936688, 0.3499998214867589, 1.9625102357266438e-08, 0.07335549801498228, 0.34999999092378975]",[0.2 0.2 0.2 0.2 0.2]
2024-07-19,"[0.3499999999983757, 0.3000000000057164, 9.76738301480795e-13, 3.794435967469432e-12, 0.34999999999113685]","[0.3499994576346855, 0.30000013169450257, 7.964509410908245e-07, 1.0845944073167214e-07, 0.34999950576043004]","[0.34999999999901743, 0.2999999999474425, 8.280070293377274e-13, 5.6690169508917134e-11, 0.3499999999960221]","[0.3499919725168118, 0.3000152602646245, 1.9842150469982975e-06, 1.0835236698853708e-06, 0.34998969947984704]",[0.2 0.2 0.2 0.2 0.2]
2024-07-26,"[0.34999999997870734, 0.29999999988327586, 3.2668396047768756e-12, 1.4958430783797744e-10, 0.3499999999851658]","[0.34999736859211766, 0.30000236526829277, 2.622429809080102e-06, 2.789149961848042e-07, 0.34999736479478416]","[0.3499999999956241, 0.3000000000031587, 2.7885968395015314e-12, 2.103516126240635e-11, 0.34999999997739367]","[0.34999953530437, 0.3000004348074581, 2.955383443140387e-07, 6.724855732131781e-08, 0.34999966710127034]",[0.2 0.2 0.2 0.2 0.2]
2024-08-02,"[0.34999999999987236, 0.30000000000136695, 2.511755987257386e-13, 7.298089504656532e-13, 0.34999999999777986]","[0.3499984051643888, 0.3000032346975319, 4.987522738996854e-07, 2.288057141090301e-07, 0.34999763258009137]","[0.34999999999799, 0.2999999999853289, 2.2220342240431382e-12, 2.1182813399668246e-11, 0.34999999999327636]","[0.3499996280267427, 0.30000023530868464, 2.893721142741876e-07, 9.520241248947042e-08, 0.3499997520900459]",[0.2 0.2 0.2 0.2 0.2]
2024-08-09,"[0.3499999999984995, 0.30000000000278526, 1.8287741109953028e-12, 6.19228064287963e-12, 0.34999999999069425]","[0.34999817343715117, 0.3000007696905699, 9.341562968121059e-07, 8.143774204602023e-07, 0.34999930833856163]","[0.3499999999921459, 0.3000000007770574, 3.780725600711262e-12, 1.3863128917750696e-11, 0.349999999213153]","[0.34999931858730016, 0.3000007298303545, 1.92537777387264e-07, 8.831084135831465e-08, 0.34999967073372673]",[0.2 0.2 0.2 0.2 0.2]
